,valid/loss,valid/loss_pos,valid/loss_paf,valid/loss_seg,valid/pose_met,valid/acc,valid/acc_cls,valid/mean_iu,valid/fwavacc,elapsed_time
170,[ 65.28371764],82216.2828062,239.426046617,499.343664814,81477.513152,0.846234697616,0.329330378555,0.278434059873,0.738373052438,0:28:06.950541
341,[ 51.25197622],69486.208077,204.771335122,367.642322931,68913.7944456,0.86675594784,0.455022182692,0.362626079465,0.785670985596,0:59:37.582423
511,[ 45.92752303],64845.458818,201.323194383,332.836055004,64311.2995375,0.873850422624,0.480850962005,0.386456421252,0.799287793174,1:30:58.129096
682,[ 36.16537251],61819.7268342,170.405889532,273.789993611,61375.5309764,0.879145267694,0.538880666837,0.423347265437,0.809766719355,2:02:12.511252
852,[ 39.41329631],60448.454646,171.920681593,267.921285196,60008.6127064,0.881721300635,0.551096626938,0.436354957004,0.811316931021,2:33:32.651616
1023,[ 40.89104546],58445.4644088,158.554437229,238.33304376,58048.5768742,0.887113404835,0.556366282606,0.45173740819,0.815784270684,3:05:04.833375
1194,[ 41.43830267],59564.434266,160.40865958,233.899573706,59170.1260703,0.883509729909,0.585322205947,0.457247651203,0.817146784497,3:38:47.023584
1364,[ 38.34031905],57733.6151297,140.182799201,203.634036185,57389.7983205,0.88780094149,0.602225695396,0.47544629267,0.823412734628,4:10:50.530594
1535,[ 41.18543401],57556.9950474,141.053145812,195.787128067,57220.1547181,0.888601720135,0.608924058655,0.477488187295,0.823869704702,4:49:55.963445
1705,[ 42.4245119],57446.9954848,133.604893846,180.148545877,57133.2420426,0.892424929295,0.570043684201,0.470377357786,0.822166383002,5:24:26.689825
1876,[ 38.70376903],57560.7999977,136.691087682,178.11393344,57245.9949787,0.891746957481,0.603019829857,0.482031545671,0.825566554181,5:58:00.737932
2047,[ 38.01212916],56514.8554442,134.511175645,173.963765095,56206.3805357,0.893195489761,0.601269747906,0.484113250432,0.827759171608,6:30:45.752400
